id,name,taxa_kind_id_name,description,col_id,eol_id,Autore,"Inizio fioritura","Fine fioritura","Limite altitudinale inferiore","Limite altitudinale superiore","Ciclo biologico","Nome Italiano",Progressivo,Sinonimi,Diffusione
172,Leguminosae,Famiglia,"(dal lat. legumen = legume, ch'è il tipo di fr. caratteristico delle specie appartenenti a questa fam.).<br /><br />Comprende 3 sottofamiglie:<br /><ol><li><em>Mimosoideae</em>;</li><li><em>Cesalpinioideae</em>;</li><li><em>Papilionaceae</em>.</li></ol>Dei gen. più innanzi elencati appartiene alla prima sottofamiglia <em>Albizza</em> ; alla seconda appartengono i gen. <em>Gleditschia</em> e <em>Cercis</em>; alla 3 tutti gli altri.<br />La fam. delle Leguminose è una delle più ricche di specie nella Classe delle Dicotiledoni. Le Leguminose comprendono tanto specie legnose che erbacee; tra queste ultime non sono rare quelle a f. volubile o rampicante (p. e. Fagiolo, Pisello). I fi. possano avere un involucro regolare (a simmetria raggiata) o irregolare (a simmetria bilaterale). Sempre irregolare è l'involucro nella sottofamiglia delle <em>Papilionacee</em>, alla quale appartengono tutte le leguminose spontanee della nostra reg. eccettuato <em>Cercis</em>, il cui involucro fiorale del resto è pure irregolare.<br />Il cal. è gamosepalo; la cor. è formata di 5 pt. disuguali: 3 liberi e 2 quasi sempre tra loro saldati. Il pt. sup. è il più grande e vistoso e per essere colla sua porzione anteriore rivolto in alto è chiamato il \'vessillo\'; i 2 laterali, tra loro eguali, sono detti \'ali\'; i 2 inf. tra loro saldati ed eguali, costituiscono una specie di navicella denominata \'carena\' (T. 20, figg. 1-3). Entro questa stanno nascosti gli organi della riproduzione e precisamente 10 stami tranne in <em>Albizzia</em> (molti) e <em>Gleditschia</em> (3-5) e 1 pistillo con ov. sempre supero.<br />I filamenti degli st. o sono tutti tra loro saldati, formando un tubo racchiudente il pistillo oppure l, situato nel dorso del tubo, è parzialm. o totalm. libero (T. 20, figg. 4, S), nel qual caso il tubo degli si. presenta una fenditura nel dorso. (1 filamenti sono invece tutti liberi o tra loro saldati soltanto alla base nei gen. Gleditschia e Cercis, come pure in Sophora, benché sia una papilionacea). Il pistillo possiede un ov. supero assai spesso allungato ed e provvisto di stilo e stimma. Il fr. (legume) alla maturità può essere diritto o ± arcuato e persino avvolto ad elica (spirale), inoltre può essere semplice o diviso soltanto esternam. da strozzature od anche internam. da setti tra i singoli semi.<br />I fi. sono attivam. visitati dagli insetti provvisti di organi succhianti o lambenti, che vi trovano del nettare secreto in fondo al fi., tra la base del tubo degli st. e quella del pistillo.<br />L'importanza economica delle <em>Leguminose</em> è altissima e può essere paragonata a quella delle <em>Graminacee</em>. Prescindendo anche dai legni pregiati, dalle sostanze coloranti e medicinali, dalle gomme, dagli olii ecc., che provengono da specie tropicali della fam., basta pensare al valore dei fagioli, dei piselli, dei cecl ecc. come alimenti dell'uomo, e a quello dell'Erba medica, dei Trifogli, dei Lupini ed altre leguminose erbacee o seminate nei prati o selvatiche nei pascoli, per la nutrizione deeli erbivori domestici, per comprendere come su questa fam. sia fondata per non piccola parte l'economia rurale, almeno dei paesi a clima temperato.<br />Par di più le leguminose in gen., ma soprattutto quelle coltivate in massa come foraggere, elevano il valore nutritivo del suolo, su cui crescono. Entro speciali tubercoli portati dalle loro radici, vivono dei batteri, esistenti del resto anche in altri organi delle leguminose, che hanno il potere di produrre, utilizzando l'azoto dell'aria contenuta nel terreno, sostanze azotate nutrienti che vengono utilizzate dalle p. che li ospitano e quando queste vengono a morire e le loro radici si decompongono, si diffondono nel terreno a vantaggio di altre p. che vi vengono successivam. coltivate. Di tale arricchimento del suolo in sostanze azotate l'agricoltura si giova nella pratica della cosiddetta rotazione agraria, intorno alla quale vedasi quanto è detto a pag. 4. a proposito della <em>Medicago sativa</em>.",aaa8d7d014c8f28d3d9505f29c127815,4277,,,,,,,,,,
1665,Lathyrus,Genere,"(dal gr. làthyros = nome di un legume in Teofrasto).",6d1d6b29e32d44a38db485abbb56a8ee,27793,L.,,,,,,,,,
1787,"Lathyrus paluster",Specie,"In luoghi umidi, lungo corsi d'acqua; assai poco diffuso, quasi raro.",9661613c58db78c346698ad8544f4817,703976,L.,Giugno,Agosto,0,700,,,,,
1786,"Lathyrus heterophyllus",Specie,"Su pendii montani cespugliosi, asciutti e soleggiati dell'A.A., specialm. orientale.<br /><br /><em>L. latifolius</em> e <em>L. heterophyllus</em>, vengono considerati anche come ssp. del <em>L. silvester</em>.",43b313509a00233d238547c36c991536,703969,L.,Giugno,Agosto,700,1900,,,,,
1785,"Lathyrus latifolius",Specie,"Nei boschi di latifoglie, al margine dei campi e di prati. Anche coltivato per ornamento.",b13f5ab85a4158f2e4832a961a2f6db4,703172,L.,Marzo,Agosto,0,700,,,,,
1784,"Lathyrus silvester",Specie,"Nelle siepi e nei cespugli.",a0717409ff742369cdb53c33d5aa9568,703984,L.,Marzo,Agosto,0,1000,,"Veccione, Cicerchia selvatica",492,,
1783,"Lathyrus tuberosus",Specie,"Ghianda di terra. Nei campi e su pendii erbosi.<br /><br />La p. produce stoloni sotterranei portanti delle radici tuberiformi della grossezza di una nocciola, commestibili (presso i Tartari costituiscono un alimento di notevole importanza).",c5198777a96090cb96dd595084aaf2ed,703986,L.,Giugno,Agosto,0,1000,,"Ghianda di terra",,,
1782,"Lathyrus pratensis",Specie,"C. nei prati e in località cespugliose; al margine della strada del Passo di Sella, versante di Fassa, a 2100 m.",3668026c6c8021bbf2dbeb747b3e9f8c,703180,L.,Marzo,Agosto,0,2200,,"Pisello dei prati",491,,
1781,"Lathyrus sphaericus",Specie,"In luoghi erbosi e soleggiati dei colli, nella parte merid. della reg., a S. del parallelo di Merano e a occid. dell'Adige. Però rinvenuto anche a Costalunga (D).",acd6c3f297569c75cd4311c123b46665,703186,Retz.,,,,,,,,,
1780,"Lathyrus setifolius",Specie,"Su pendii asciutti e sassosi del Tr. merid.",3c818866fc266039e8b8956a00ebf7a5,703185,L.,Marzo,Maggio,,,,,,,
1779,"Lathyrus hirsutus",Specie,"Nei seminati, al piano e sui colli, nel Tr. merid. e nel circondario di Bolzano.",ba69b772d0605895fc648343ebe7825f,703168,L.,Marzo,Agosto,,,,,,,
1778,"Lathyrus aphaca",Specie,"Freq. nei campi, ma anche nelle siepi e su macerie: soltanto nel Tr. (specialm. occid.) e nel circondario di Bolzano.",e7467ba6129302cd490ec26d43b9d7af,704232,L.,Marzo,Agosto,0,700,,"Fior galletto",490,,
1777,"Lathyrus venetus",Specie,"In località cespugliose delle pendici della valle dell'Adige da Merano al M. Baldo, fin verso i 1000 m.: Stenico; Valsugana; Bondone di Storo e Rinomassimo.",ed82deda72e0b60923e3d307857f24ac,703988,Wohlf.,Marzo,Maggio,0,1000,,,,,
1776,"Lathyrus vernus",Specie,"In luoghi cespugliosi.",33371598aa23beb087ed987f3b5ef209,,Bernh.,Marzo,Agosto,0,1900,,,489,,
1775,"Lathyrus luteus",Specie,"ssp. occidentalis (Fischer et Mayer). Nei prati e più raram. nei boschi. Finora rinvenuto con certezza quasi soltanto ad E. del solco Adige-lsarco; ad Ovest sopra Cavedine (Maorina) a 1600 -1800 m. (F. Beer).",5210f2eb896be0a1901a76da717d96ce,52319885,Peterm.,Giugno,Agosto,700,2200,,,,,
1774,"Lathyrus niger",Specie,"In punti ombrosi der boschi.",a13ac59c933b785e6ba92749b2db4965,703175,Bernh.,Giugno,Agosto,0,1000,,,488,,
1773,"Lathyrus montanus",Specie,"Su pendii cespugliosi, al margine dei boschi.",9c345794e1d38a183d09e94ce5b79fce,49932752,Bernh.,Marzo,Maggio,700,1900,,,,,
1772,"Lathyrus nissolia",Specie,"P. annua con f. eretto (2-4 dm.), angoloso; stipole piccolissime; peduncoli fiorali filiformi; fi. rosso-porporini. Rinvenuta nella zona collinare a oriente di Trento, lungo la Gardesana or. tra Torbole e Malcesine (Hruby), ma anche presso Montagnaga di Pine (Biasioni).",7a23bea1f0199da89fea2816c8385779,703176,,,,,,,,,,
1771,"Lathyrus odoratus",Specie,"Originario della reg. mediterranea.",95a47f6c1610954b3c439bf78a73ef1f,703179,L.,Marzo,Agosto,,,,,,,
1664,Pisum,Genere,"(nome del pisello presso i Romani).",5fbbe0ee854caf8b5924dd95fd459d42,27825,L.,,,,,,,,,
1790,"Pisum sativum",Specie,"Coltivato fino al limite sup. delle colture.<br /><br />Il Pisello viene coltivato da tempi immemorabili e i suoi semi furono ripetutam. rinvenuti in stazioni preistoriche. Come è avvenuto di molte altre p. estesam. coltivate, inoltre il pisello si è modificato nel corso dei secoli sotto l'influenza della coltura e ha dato origine a un numero rilevante di var. e di razze, le quali si distinguono specialm. per la grossezza, la forma e il colore dei semi. Anche le 2 forme sopra descritte non rappresentano probabilm. 2 specie, ma piuttosto var. differenziatesi da un'unica specie originaria (verosimilm. il <em>P. elatius</em>) e alla loro volta scomponibili in razze diverse.",8a7c50775cc4f7cc23ffa7da3aec8730,703192,L.,,,,,,,,,
1788,"Pisum arvense",Specie,"Coltivato e inselvatichito tra le biade.<br /><br /><em>P. elatius</em> Steven. Pisello selvatico. Differisce dal P. arvense per il peduncolo delle infiorescenze (1-2 flore) 2-3 volte più lungo delle stipole; per le foglioline ovali-lanceolate, di solito intere; semi neri, finem. granulosi. Già rinvenuto nei boschetti circostanti al Lago di Caldaro.",ea44c38539937566e7d4e6fa7dbc4811,51592935,L.,Marzo,Maggio,0,1900,,"Rubiglio, Pisello",,,
1663,"Lens culinaris",Specie,"<div>P. annua con f. ramoso, alto fino a 5 dm.; fg. sup. terminanti in un cirro, con 4-7 paia dì foglioline oblungo-lanceolate o lineari; stipole lanceolate, intere o semiastate; fi. a 1-3 su peduncoli lunghi, cai. a denti lunghi e cigliati; cor; cerulea con venature lilla; legume quasi glabro, con 1-2 semi. Coltivata fino a mezza montagna, ma al presente in pochissime località (p. e. sul piano di Mollaro in Val di Non); raram. inselvatichita.</div><div>Anche la Lenticchia è p. di coltivazione remotissima, come attestano i rinvenimenti dei suoi semi in stazioni preistoriche e in tombe dell'antico Egitto, come pure la menzione che ne fa la Bibbia (piatto di Lenti di Esaù).</div><div>La Lenticchia selvatica, dalla quale è derivata quella coltivata è la <em>L. nigricans</em> Godr., che si distingue dalla precedente per le fg. sup. terminanti con una resta; infiorescenze più lunghe delle fg. ascellanti e cor. bianco-azzurrognola. Rinvenuta nei dintorni di Rovereto e più recentem. presso Nago (Gams).</div>",9256477027e336c247bf24e3a47be380,647510,Medic.,Marzo,Agosto,,,,"Lente, Lenticchia",,,
1662,Vicia,Genere,"(dal gr. bikion, indicante varie specie di p. a legumi, tra le quali le Vecce).",e6b35e0cc5146600ebbdf129a1c8e180,13463,,,,,,,,,,
1770,"Vicia faba",Specie,"<div>Coltivata nelle valli montane consociata alla patata o ai fagioli fin verso i 1500 m.</div><div><br />La Fava, originaria del Medio Oriente, è certam. una delle più antiche p. coltivate, essendosi rinvenuti resti dei suoi semi in stazioni dell'età neolitica e del bronzo. Essa e menzionata da antichi autori greci - compreso Omero - e latini, dalle cui opere risultabile la fava costituiva nell'antichità un legume di grande importanza per la nutrizione dell'uomo e in pari tempo come medicamento contro varie malattie interne e della pelle. Dopo l'introduzione del fagiolo la coltura della fava ha subito un rapido e fortissimo regresso.</div>",a5f2dd1d482f929ffc087b2df6e54a3a,703202,L.,Giugno,Agosto,,,,Fava,,,
1769,"Vicia oroboides",Specie,"In luoghi boschivi, ombrosi, soltanto nel Tr. merid. a Sud del parallelo di Trento.",e4696eb0ce96b422019cef039839e982,704181,Wulf.,,,,,,,,,
1768,"Vicia sativa",Specie,"L. ssp. obovata Gaud. Nei campi, nelle siepi e fra cespugli, un'altra spp. assai diffusa è la ssp. angustifolia Gaud. con foglioline delle fg. inf. obeordate o ellittiche, nelle sup. bislunghe o lineari, spesso acute; legume maturo nero, liscio. Nelle stesse stazioni della ssp. precedente.",fd93b96763310bc3ef902ce2dee046cb,703227,L.,Marzo,Maggio,0,700,,Veccia,487,,
1767,"Vicia peregrina",Specie,"In luoghi aridi e soleggiati, al piano e sui colli. Nota soltanto dell'immediato circondario di Trento. Rovereto e Riva.",1f1806205e1450e7ed9317e02ed473d3,703223,L.,Marzo,Maggio,,,,,,,
1766,"Vicia grandiflora",Specie,"var. Kitaibeliana Koch (la forma tipica finora non nota della reg.). Nei campi, presso il piano.",2b74d5b51b1a3b501e22fa63e5faed31,704176,Scop.,Marzo,Maggio,,,,,,,
1765,"Vicia lutea",Specie,"Su pendii aridi e nei campi.",a55a8c8cc9fc9154353705245905db16,703213,L.,Marzo,Agosto,0,700,,,,,
1764,"Vicia sepium",Specie,"Freq. nelle siepi, nei cespugli, nei campi.",79f3b4446a7ed46f3cacaba3f60516a0,703228,L.,Marzo,Agosto,0,1900,,,486,,
1763,"Vicia lathyroides",Specie,"In luoghi erbosi dei colli; (tuttavia rinvenuta da Biasioni anche in Piné).",7609aa1ed1469bbca4f8957ee3aa48d4,703210,L.,Marzo,Agosto,0,700,,,,,
1759,"Vicia cracca",Specie,"<div>Freq. in luoghi erbosi ed umidi, nelle siepi, fra cespugli.</div><div>Specie polimorfa; nella reg. ricorrono:</div>",33591a27876ebb8bd505763fecfa88f3,704171,L.,Marzo,Agosto,0,3000,,,,,
1762,"Vicia cracca ssp. gerardi",Specie,,,,(All.),,,,,,,,,
1761,"Vicia cracca ssp. vulgaris",Specie,,,,Gaud.,,,,,,,,,
1760,"Vicia cracca ssp. tenuifolia",Specie,,,,(Roth),,,,,,,,,
1758,"Vicia cassubica",Specie,"In luoghi asciutti, al margine dei boschi nell'A.A. merid., su monti nei dintorni di Grigno (Kotula).",65976d359fd0bb66e091fc7a4c398118,704170,L.,Giugno,Agosto,0,1000,,,,,
1757,"Vicia villosa",Specie,"ssp. dasycarpa Cavillier. C. nei campi e nelle siepi; su macerie. Assai più diffusa e freq. nella reg. della ssp. euvillosa Cavillier (la forma tipica) che è rara e si distingue per la sua spiccata villosità, per le infiorescenze più ricche e i fi. più grandi, con cai. a denti inf. di lunghezza eguale al tubo.",0e0fb3c76043976213b998094ef8ea18,703236,Roth,Marzo,Agosto,0,700,,,,,
1755,"Vicia silvatica",Specie,"Nei boschi radi, specialm. di Faggi; su pendii cespuglioso-sassosi.<br /><br />Stipole grandi con 5-7 denti aristati, fi. rosso-violacei e fg. con 3 a 5 paia di foglioline: V. dumetorum L. Al margine dei boschi, su terreni cespugliati. Nota di pache località (Condino. Ricctimassimo. Borgo, circondario di Merano).",747a03a3a2e96d2ceab411ab69ac3abc,704190,L.,Giugno,Agosto,700,1900,,,485,,
1754,"Vicia tetrasperma",Specie,"Nelle stesse stazioni della precedente, ma assai meno freq. e diffusa.",117b00a9d946ce9caac8ab372788057a,703234,Schreb.,Marzo,Agosto,0,700,,,,,
1753,"Vicia hirsuta",Specie,"Freq. nei campi e nelle siepi.",9e7a9a3c16c9728e9d5c9d18ed1dec1b,703206,"S. F. Gray",Giugno,Agosto,0,1000,,,484,,
1752,"Vicia pisiformis",Specie,"Nei boschetti di latifoglie, poco diffusa, quasi rara (A.A. merid. e dintorni di Trento).",a97c367868380e7e56257d0195d7284c,704184,L.,Marzo,Agosto,0,700,,,,,
1661,"Galega officinalis",Specie,"(dal gr. gala = latte e \'ago\' = conduco, perché fu attribuita alla p. la virtù di aumentare la secrezione del latte).<br /><br />P. alta fino a 1 m.; glabra, con fg. grandi, imparipennate, a foglioline oblungo-lanceolate; legume cilindrico, glabro, lungo 2-3 cm., con strozzature tra i singoli semi. Nei prati e in luoghi erbosi, umidi.<br /><br />Questa specie non è indigena nella reg., nella quale è stata introdotta con sementi da prato provenienti dalla penisola e vi si è naturalizzata.In passato le furono attribuite svariate virtù medicinali (contro il vaiolo, la peste e il morso dei serpenti, oltre a quella di promuovere la produzione del latte e del sudore).",d31044dc374903f31bcd5b63e5d1ead0,703112,L.,Giugno,Agosto,0,700,,Capraggine,470,,
1660,Onobrychis,Genere,"(dal gr. onos = asino e \'brykein\' = divorare).",21b770df19ec381a730d87d6bb95f9d0,13466,Mill.,,,,,,,,,
1751,"Onobrychis viciaefolia",Specie,"Nei prati, dove viene seminata insieme a foraggere, e inselvatichita.",87f74c3d554d2e0fb98117ee595e8900,49944864,Scop.,Marzo,Agosto,0,1900,,Lupinella,483,,
1750,"Onobrychis montana",Specie,"Nei prati montani e sui pascoli alpini; soltanto su terreno calcareo-dolomitico.",c1925f902fe667aa61004fe9d3bf2d80,704039,"Lam. et DC.",Giugno,Agosto,,,,,,,
1749,"Onobrychis arenaria",Specie,"<div>In località asciutte e soleggiate.</div>",3c2413afb650ada87d311833e6fb07af,704030,Ser.,Marzo,Agosto,0,1000,,,,,
1659,"Hedysarum obscurum",Specie,"<div>(dal gr. hedys = dolce e \'aroma\' = odore).</div><div><br />F. eretto, alto 1-4 dm.; foglioline ovali o bislunghe, verdi-scure di sopra, pallide di sotto, stipole bifide, tra loro concresciute; fi. in racemi, cai. a imboccatura obliqua, vessillo più breve della carena; legume lungo 2-3,5 cm. con 2-5 articoli ovali. Nei pascoli alpini, dove costituisce una delle erbe più nutrienti per il bestiame; E.</div>",b89bde15ec11fadc0521d90df764e41d,,L.,Giugno,Agosto,,,,"Lupinella d'alpe",482,,
1658,"Cicer arietinum",Specie,"P. annua peloso-glandolosa, alta alcuni dm.; fg. con 7-15 foglioline, obovato-cuneate o ellittiche, seghettate; fi. solitari, ascellari, peduncolati, con cor. bianchiccia o lilla o porporina; legume lungo 2-3 cm., ovoideo-bislungo, peloso-glandoloso. In passato coltivato in più località della reg., ora di comparsa saltuaria o come relitto o come avventizi.",81fdeb3e7b6c48b3c04516beb8d30a9d,28158,L.,Marzo,Agosto,,,,Cece,,,
1657,"Hippocrepis comosa",Specie,"<div>(dal gr. krepìs = scarpa e \'hippos\' = cavallo, per gli articoli del legume ricurvi a ferro di cavallo).</div><div><br />F. prostrato-ascendenti: fg. con 7-15 foglioline obovate o più strette; fi. riuniti in 5-12 in ombrelle portate da peduncoli robusti c piuttosto lunghi. In luoghi sassosi e soleggiati, prevalentem. su terreno calcareo.</div><div> </div>",83abae1e7ab57781ea11d6def7f2b803,703956,L.,Marzo,Agosto,0,3000,,Sferra-cavallo,481,,
1656,Astragalus,Genere,"(dal gr. astràgalos = dado, per i semi angolosi di certe specie).<br /><br />Tutte le specie di Astragalus della reg. sono perenni.",278215580348a2813de49a628912f40f,47113496,L.,,,,,,,,,
1741,"Astragalus lapponicus",Specie,"Su detriti di roccia ± erbosi. Nell'Alta Val Venosta; sull'Alpe di Siusi; in Val Gardena; sotto la Malga di Fanes (Alta Val di Marebbe); sul Platzerberg (Alto Isarco).<br /><br />È p. acaule o quasi, con fg. portanti 9-15 paia di foglioline ovato-lanceolate, pelose, con racemo di pochi f. (3-5) su scapo lungo 2-6 cm., vessillo lungo il doppio della carena e legumi non penduli, rigonfi, a pilosità sericea: <em>A. triflorus</em> (Hoppe) Gams. Su terreni magri, erboso-sas-sosi; noto del Castello dei Camosci (Stenico), dei Monti Tombea e Bondol e dell'Alpe di Siusi; 6-7; E.",815e4bce87b3b5d82e79b812680bd084,704075,Burm,Giugno,Agosto,1900,3000,,,,,
1740,"Astragalus montanus",Specie,"Freq. sui pascoli dell'orizzonte montano sup. e del piano culminale.",22473005c51b764e478c83b6ee9b5cce,642876,L.,Giugno,Agosto,,,,,478,,
1739,"Astragalus campestris",Specie,"Sui pascoli sassosi alpini, non di rado tuttavia anche a quote inf..",06b6ea51f937ae16a7b0967fd3d4c39b,52203108,L.,Giugno,Agosto,,,,,477,,
1738,"Astragalus sericeus",Specie,"Nei pascoli montani e alpini; specialm. nell'A.A.: nel Tr. sul M. Tonale, in Val di Fassa e Val Duron; Giudicarie (Val di Fumo, Cima del Frate).",00832fa652053acc543d0f6e95cfa2b7,704072,Lam.,Maggio,Agosto,,,,,476,"(= Oxytropis halleri Bunge)",
1737,"Astragalus pilosus",Specie,"Nei campi arenosi e nel letto dei torrenti: verso nord., fino a Sluderno e a Bressanone.",99deeeab3f98629e024a1868aec3d75b,704078,L.,Giugno,Agosto,0,1000,,,475,,
1736,"Astragalus purpurascens",Specie,"propriam. si tratta della var. gremlii (Bum). Aschcrs.<br /><br />Su prati magri; 1000-1900 m ma non di rado anche assai più in basso; mancante su ampi tratti della reg. (Val Venosta, distretto di Trento. Valsugana. Valli del Noce e del Sarca).",5d6ea3a5f52d3a5fac17ab951262bde4,646005,Lam.,Marzo,Agosto,1000,1900,,,,,
1735,"Astragalus alpinus",Specie,"Su terreni erboso-sassosi.",cda432f84391f3ee23659f3249ca12f3,418736,L.,Giugno,Agosto,1000,3000,,,474,,
1733,"Astragalus onobrychis",Specie,"In luoghi erboso-sassosi; verso N. fino a Castel Riva (Reifenstein) presso Vipiteno (Kotula).",93d631dda86d24a390dcaf96dad51109,703082,L.,Marzo,Agosto,0,1900,,,,,
1732,"Astragalus australis",Specie,"Nei pascoli alpini sassosi.",13c75d30f294448272a1f701007d4a5e,704247,Lam.,Giugno,Agosto,,,,,,,
1731,"Astragalus monspessulanus",Specie,"In luoghi erbosi, aridi e soleggiati del Tr. occid. fin verso i 1000 m.",d0ddd1384b73373e0b95b4d3a8bbc2a7,703081,L.,Marzo,Agosto,,,,"Astragolo rosso",,,
1730,"Astragalus penduliflorus",Specie,"In prati e su pendii rupestri, ma erbosi, montano-alpino.",31aee8ce44f136ed27f98f9b9875b109,418735,Lam.,Giugno,Agosto,1000,3000,,,,,
1729,"Astragalus cicer",Specie,"Nei pascoli magri, lungo le strade campestri.",c4299dadba3cda620b5108359fa9517d,704253,L.,Maggio,Agosto,0,1000,,,473,,
1727,"Astragalus exscapus",Specie,"In luoghi erbosi e soleggiati della Val Venosta da Silandro alla Val di Sfida e a Malles fin verso i 1400 m.<br /><br />Ha pure f. brevissimo <em>A. depressus</em> L. Si distingue da <em>A. exscapus</em> per le foglioline obovate e le stipole libere; i fi. giallo-pallidi in breve racemo distintam. peduncolato e il legume glabro a maturità. Su pendii asciutti a suolo calcareo; 3-6; P. Noto con certezza soltanto di Stenico, del M. Spinale e del circondario di Primiero.",d8d5d32f4354506506a1489d96c838ba,703055,L.,Marzo,Agosto,,,,,,,
1726,"Astragalus glycyphyllos",Specie,"Freq. al margine dei campi e in luoghi crbosc-cespugliosi.",40601651acebe122bda97b8fa7ef91d7,704268,L.,Marzo,Agosto,0,1000,,"Liquirizia bastarda",472,,
1725,"Astragalus frigidus",Specie,"Nei pascoli alpini di Fassa e nell'A.A.",171ca5d4f28c6e648ec9b58baae179ba,704265,"A. Gray.",Giugno,Agosto,,,,,,,
1655,"Wistaria floribunda",Specie,"(dedicata a Gaspare Wister, rinomato anatomico di Filadelfia, vissuto dal 1761 al 1818).<br /><br />P. volubile, ornamentale, originaria della Cina, coltivata per rivestire chioschi e verande; Primaverile e spesso una seconda, ma assai più scarsa fioritura in estate.",d32311b4d6ef0e28a7dbe676b5442138,704192,DC.,Marzo,Agosto,,,,Glicine,,,
1654,"Trigonella caerulea",Specie,"(dal lat. trìgonum. = triangolo, per il contorno triangolare dei fi.).<br /><br />P. annua, intensam. odorosa, alta anche oltre 5 dm.; foglioline ellittiche o lanceolate, lunghe fino a 3 cm.; fi. cerulei, lunghi 5-8 mm., in infiorescenze lungam. peduncolate; legume ovale, eretto, rostrato. Coltivata negli orti e inselvatichita, specialm. nella parte sett. della reg.<br /><br />La p. disseccata e ridotta in polvere si aggiungeva in passato alla pasta del pane, per renderla aromatica; si usava pure per scacciare insetti molesti o parassiti,",30b6ffbd7d140328ec35c0cb75c8751e,644031,Ser.,Marzo,Agosto,,,,,455,,
1653,Melilotus,Genere,"(dal gr. meli = miele e \'lotos\', nome greco di diverse specie di Trifoglio).",7250e028cf14e139e3f23ec30e421260,28131,Hill.,,,,,,,,,
1692,"Melilotus officinalis",Specie,"C. in luoghi erbosi incolti e lungo le strade.<br /><br />Già rinvenuto come p. verosimilm. spontanea a Merano, presso Bolzano e a Stenico: <em>M. altissimus</em> Thuill. P. biennale con fi. gialli a carena lunga pressapoco come le ali e il vessillo; ov. brevem. peloso; legume con peli sparsi, acutam. carenato nel margine sup. In prati umidi, in vicinanza di fossi e canali; E.",14224ae76c0adc29ee8b759a82fcc640,704023,Lam.,Marzo,Agosto,0,1000,,"Vetturina gialla",459,,
1691,"Melilotus albus",Specie,"C. in luoghi arenosi, specialm. lungo i corsi d'acqua, gli argini ferroviari e al margine dei campi.",978515ccc48147d0072a2a132490721d,703240,Medic.,Marzo,Agosto,0,1000,,"Vetturina bianca",,,
1652,Medicago,Genere,"(dal lat. medica, nome della <em>M. sativa</em>, che si supponeva proveniente dalla Media).",acf72b2f6c969e1fbb52f5b221322618,27787,L.,,,,,,,,,
1690,"Medicago rigidula",Specie,"Nei vigneti, sui muri e lungo le strade del piano e dei colli nei dintorni di Trento e Rovereto.",c6bf1e60adc178cb96bb983c5c246197,703649,Desr.,Marzo,Maggio,,,,,,,
1689,"Medicago minima",Specie,"In luoghi erbosi asciutti specialm. nel Tr. centro-merid.; nell'A.A. nei dintorni di Bolzano e fino alla latitudine di Merano e Vipiteno.",9216b8d343d9dcd8227582c1cc9ee7e0,703643,Desr.,Marzo,Agosto,0,700,,,458,,
1688,"Medicago carstiensis",Specie,"Al margine dei campi e dei prati nella bassa Valsugana.",c049b571dd9246a3e4b4aaaae0a14681,704010,Wulf.,,,,,,,,,
1687,"Medicago hispida",Specie,"Su macerie e al margine di strade. Indicata di Bolognano (Arco). Povo, Tergine e S. Crostoforo.",ea3b986f4ba01a767d658f97a7f35929,50958411,Gärtn.,Marzo,Agosto,,,,,,,
1686,"Medicago orbicularis",Specie,"Al margine dei prati o dei campi del piano in Val d'Adige; verso nord fino a Bolzano.",b2545ccbdac34231505331ff7f317ee9,703647,All.,Marzo,Maggio,,,,,,,
1685,"Medicago lupulina",Specie,"C. in luoghi asciutti, nei campi, nei prati, lungo le strade, Dosso alto (verso Porta Manazzo) (Valsugana) a 1700 m.; Malga Vallazza (Rolle) a 1850 m.; Val d'Udai a 1800 m.",fe768a2a83dc35004a840afd43b8671f,646897,L.,Marzo,Novembre,0,2200,,"Trifoglio selvatico",457,,
1683,"Medicago sativa",Specie,"Specie polimorfa; di particolare importanza le ssp.:<br />a) <em>ssp. sativa</em> Döll. Fi azzurro-violacei o lilla o biancastri, lunghi 9-11 mm.; legume ravvolto a spira (1,5-3,5 giri); f. eretto, alto anche oltre 1 m. Largam. coltivata quale p. foraggera; spontanea al margine dei campi, lungo le strade di campagna ed anche in luoghi incolti entro la zona delle colture. Legume ravvolto per 2-4 giri di spira e con un foro nel mezzo presenta: <em>M. prostrata</em> Jacq. Finora indicata solo di Bolognano (Arco) e per l'inizio della Vallarsa. P. con f. prostrato-ascendenti, alti fino a 4 dm.; fi. di un giallo citrino con peduncoli lunghi il doppio del cal. e riflessi dopo la fioritura. In prati asciutti, sul margine di strade.<br />b) <em>ssp. falcata</em>. L. Fi. intensam. gialli, in racemi brevi, simili a capolini; peduncoli fiorali più brevi del cal., eretti anche dopo la fioritura; legume di solito ± arcuato (fino a ¾ di giro), lungo 10-15 min.; f. ascendente o inferiorm. anche prostrato, alto fino a 7 dm. In prati asciutti e sassosi; al margine dei campi e delle strade di campagna ecc. fino al limite sup. delle colture;<br />meno notevole e di solito come l'orma ruderale:<br />c) <em>ssp. varia</em> Martyn con fi, screziati di giallo e di azzurro-verdognolo o brunicci. Entità di origine ibrida.<br /><br />L'Erba medica è forse la più antica delle p, da foraggio coltivate. Plinio la dice portata in Europa dall'Asia al tempo delle guerre persiane e Virgilio la menziona tra le p. coltivate al suo tempo in Italia. Essa fornisce erba abbondante, perchè permette diversi tagli all'anno e arricchisce il suolo di composti azotati (cfr. pag. 398). ti prato ad Erba medica o medicaio, dopo ch'è stato sfruttato per 2-3 anni per ricavarne foraggio, viene profondam. arato e le p. vengono rivoltate sotto. In tal modo le loro radici si decompongono e le sostanze azotate, dì cui sono ricche, si diffondono nel terreno, il quale risulta migliorato. Il contadino vi semina poi cereali, trasformando così il medicaio in campo, e dopo un paio d'anni semina ancora Erba medica. Questa alternanza di colture costituisce la cosiddetta \'rotazione agraria\', che si pratica anche con altre specie di Leguminose e soprattutto col Trifoglio.",844958276a11c113c1dfddd99641d4ea,703652,L.,,,,,,"Erba medica, Erba spagna",456,,
1651,Trifolium,Genere,"(così denominato per le fg. composte di 3 foglioline).",5aa1c2616a8609e66953d61de1c878d7,47117019,L.,,,,,,,,,
1715,"Trifolium striatum",Specie,"Su pendii soleggiati; freq. nei castagneti.",51acfa82fa68809b922fb2c65867605d,703455,L.,Marzo,Agosto,0,700,,,,,
1714,"Trifolium scabrum",Specie,"Su colli aridi e soleggiati; soprattutto nella Valle dell'Adige fino a Bolzano e di qui in quella dell'Isarco fino a Bressanone; pure nella bassa Valle del Sarca e nella bassa Valsugana(Telve).",765be50f4754e964db5134d9c8e0e7ba,703440,L.,Marzo,Agosto,,,,,,,
1713,"Trifolium incarnatum",Specie,"In individui singoli su prati con altre foraggere; qui e li anche coltivato e inselvatichito.",5f4d82499e26e02f9811410217b4a1a4,703405,L.,Marzo,Maggio,,,,"Trifoglio incarnato",,,
1711,"Trifolium pratense",Specie,"C. nei prati e nei pascoli ed anche in luoghi incolti. Negli orizzonti subalpino e alpino ha notevole diffusione nella reg. la var. frigidum Gaud. (= var. nivale Koch) con f. arcuato-ascendente o prostrato, cavo almeno in alto, abbon-dantem. peloso; capolini globosi, sessili, di diametro fino a 3 cm., ricchi di fi. per lo più bianchicci, ma non di rado giallognoli o rossicci.<br /><br />Il Trifoglio rosso è un'eccellente foraggera che viene seminata sia sola che mescolata ad altre erbe da prato. Come l'Erba medica poi (cfr. pag. 408) arricchisce il terreno di composti azotati e si usa perciò nella pratica della rotazione agraria; infine i suoi fi. offrono ottimo ed abbondante nettare alle api.<br /><br />Da non confondere col <em>T. noricum</em> Wulf., p. pure con f. peloso-lanoso, ma non più alto di 1S cm.; capolini grossi; cor. lunga il doppio del cai. e stipole gradatam. e lungam. acuminate. Riscontrato al Passo di Sella, sul M. Feudale (Predazzo) e sotto l'Alpe di Puez in Val Gardena a 2400 m. (Chiarugi); P.",fd8a7cb8a695e8a62b250001d537950e,703430,L.,Marzo,Novembre,0,3000,,"Trifoglio comune",466,,
1710,"Trifolium ochroleucum",Specie,"In luoghi cespugliosi e boschivi con vegetazione rada.",39d498c462468e56baca16f8289da55c,704123,Huds.,Giugno,Agosto,0,1000,,,,,
1709,"Trifolium alpestre",Specie,"In località erbose e cespugliose.",cbcc0eae0f4eed045302c15444bba9a1,704095,L.,Giugno,Agosto,700,2200,,,,,
1708,"Trifolium medium",Specie,"In località erbose anche alberate.",690bafe6dc25ff65fe4bd9e42250edd0,704120,,Giugno,Agosto,700,1900,,,,,
1707,"Trifolium rubens",Specie,"Su prati asciutti, in boschi radi, soleggiati.",97623ed0e561b38dbe58ef18ba062b5b,704132,L.,Giugno,Agosto,0,700,,"Trifoglio rosso",465,,
1706,"Trifolium arvense",Specie,"C. nei campi, su pendii-aridi e sabbiosi, prevalentem. a terreno non calcareo.",eab424abb40172678eadd8917d9a6959,703386,L.,Marzo,Agosto,0,1000,,,464,,
1705,"Trifolium fragiferum",Specie,"In luoghi erbosi e piuttosto umidi.",f74e146724a6cbb0ad95ca3024a4937c,703399,L.,Giugno,Agosto,0,700,,,,,
1704,"Trifolium pallescens",Specie,"Sui pascoli più elevati, su sfasciume di rocce.",a2c8f6c1920c4ade09e2d2005c5fb1f8,704124,Schreb.,Giugno,Agosto,1200,3000,,,,,
1703,"Trifolium repens",Specie,"C. ovunque dal piano fino in alta montagna.",a256342417b6d0a7f4d20d0489183b4b,703436,L.,Marzo,Novembre,,,,"Trifoglio bianco",463,,
1702,"Trifolium hybridum",Specie,"Nei prati piuttosto umidi.<br /><br />Viene anche coltivato.",96ac6138b3f8626c3c208fb4a4cd39fe,703404,L.,Marzo,Novembre,0,2200,,,,,
1701,"Trifolium thalii",Specie,"Nei pascoli alpini, su terreno calcareo.",6fb292dfb91c5dfa0541947aef53a0bf,703462,Vill.,Giugno,Agosto,1900,3000,,,,,
1700,"Trifolium montanum",Specie,"Nei prati e nei pascoli.",a9fb37f8958cfdbeac6ae8b30e06330f,703418,L.,Marzo,Agosto,0,2200,,,462,,
1699,"Trifolium alpinum",Specie,"Freq. nei pascoli di montagna.",e7b37104f08b1b1cdd83dc5c396e2947,704096,L.,Giugno,Agosto,2200,3000,,,461,,
1698,"Trifolium strepens",Specie,"In prati magri, nei boschi radi.",d96a33dafc41ad9e916bbad5bd9c775f,704100,Crantz.,Giugno,Agosto,0,1000,,,,,
1697,"Trifolium campestre",Specie,"Nei prati, nei campi abbandonati, in radure dei boschi.",0ae0b213d88da5ac2ff1d2fa0510ee69,703392,Schreb.,Marzo,Agosto,0,1000,,,,,
1696,"Trifolium patens",Specie,"In luoghi erbosi e piuttosto umidi.",4926925664ab703db8bf77d1afbc30ac,703425,Schreb,Giugno,Agosto,0,700,,,,,
1695,"Trifolium filiforme",Specie,"ssp. dubium. Nei prati magri ed umidi, talvolta assai numeroso.",b60e3f91b69e8c0f11e8ddf31814f7e2,52419130,L.,Marzo,Novembre,0,2200,,"(Sibth.) Gams",,,
1694,"Trifolium badium",Specie,"Freq. sui pascoli alpini, però non raro anche a quote inf.<br /><br />E' un ottimo elemento dei pascoli più elevati ed è importante anche perchè si insedia e si diffonde sulle alluvioni e sugli scoscendimenti di montagna, dove poche altre p. riescono a prender piede.",2b749431834cd536b7d66bf3a4fa6d08,704101,Schreb.,Giugno,Agosto,1000,3000,,,460,,
1650,Dorycnium,Genere,"(dal gr. doryenion, nome usato da Dioscoride per indicare una p. vivente sulle sponde del mare).",957157e364463f97ec3c516852743e3a,27797,L.,,,,,,,,,
1719,"Dorycnium pentaphyllum",Specie,"In luoghi aridi e soleggiati della parte merid. della reg. (a S. del parallelo di Merano). Comprende parecchie ssp. delle quali nella reg. è diffusa la ssp. herbaceum Rouy con capolini di 12-25 fi e cal. con denti lunghi appena metà del tubo, mentre la ssp. germameam Rouy con capolini di 6-14 fi., e cai. con denti lunghi quasi come il suo tubo, è nota solo di Mori e di Pregasina e dubbia per la zona collinare di Termeno.",b890bac30428cffef312d174c697c832,702870,Scop.,Marzo,Agosto,0,1000,,,468,,
1718,"Dorycnium hirsutum",Specie,"In luoghi sassosi e soleggiati dalla parte merid. della reg. (a S. di Merano) in Val d'Adige ed a occid. della stessa; 2-4;",2c99f7beb44c1854429856a3866f2c15,702868,Ser.,,,0,1000,,"Erba velia",,,
1649,Lotus,Genere,"(dal gr. lotòs - nome dato dai Greci a diverse p. che si distinguevano per qualche pregio particolare c specialm. per 1 fr. commestibili o per il foraggio abbondante da esse prodotto)",c8aee5f9705134e1ee5d8d2513a61f4f,,L.,,,,,,,,,
1721,"Lotus corniculatus",Specie,"C. in luoghi erbosi, ma anche in luoghi incolti e lungo le strade. Specie polimorfa; non rare sono: la ssp. tenuifolius L. propria di luoghi umidi, con foglioline lineari o lineari-lanceolate, non più larghe di 3 mm., mentre nella forma tipica esse sono obovato-cuneate; e, propria di luoghi aridi e soleggiati, la var. hirsutus Koch con f. densam. peloso e infiorescenza per lo più con 2-4 fi.<br />La ginestrina costituisce tanto allo stato verde che secco un buon foraggio.<br /><br />Noto soltanto dei dintorni di Bolzano è: <em>L. uliginosus</em> Schkuhr con fi. grandi, giallo-pallidi, per lo più solitari e legume largam. lineare, con 4 spigoli alati. In prati umidi e paludosi.",b3671f4d36bff9e9e8daf8238ae02476,702889,L.,Marzo,Novembre,0,3000,,Ginestrina,469,,
1720,"Lotus siliquosus",Specie,"Freq. in luoghi erbosi ed umidi.",09bdb5b93794177983e796e7baae87ac,702910,L.,Marzo,Agosto,0,1000,,"Loto dei prati",,,
1648,Phaseolus,Genere,"(dal gr. fasèolos e fàselos; lat. fasélus, nomi coi quali si indicava nell'antichità un'altra specie di leguminosa, simile al fagiolo).",569510932dd052d24a0573bd5c334539,28260,L.,,,,,,,,,
1792,"Phaseolus coccineus",Specie,"Coltivato tanto per i suoi semi che per ornamento.<br /><br />Il fagiolo è di origine americana e fu notato già da Cristoforo Colombo, che ne riferì nella relazione sul suo primo viaggio. La sua coltivazione - che al tempo della scoperta dell'America veniva già praticata dagli Indiani - si diffuse rapidam. in Europa e penetrò assai presto anche nella nostra reg., perché il Mattioli menziona il Fagiolo come una p. che veniva coltivata nel Tr. nel sec. XVI. Le varietà che in conseguenza della coltura e della moderna genetica sono venute rapidam. formandosi sono numerosissime, e possono venire riunite in 2 gruppi, uno dei quali comprende le forme a f. volubile, l'altro quelle a f. eretto e ramificato, ± cespuglioso.",ffb65f2ccce0a323fd94ce3f92654741,645287,L.,,,,,,,,,
1791,"Phaseolus vulgaris",Specie,Coltivato.,ad8bd76996d6e6f90061601610fe6f7d,645324,L.,,,,,,Fagiolo,,,
1647,Ononis,Genere,"(forse dal gr. onos = asino e \'oninemi\' = giovo, cioè p. che giova agli asini).",9e727ea86001bb02ad5114ac1e4771cc,27875,L.,,,,,,,,,
1681,"Ononis natrix",Specie,"Freq. in luoghi aridi e incolti.",2182a0185dd845484b8329430d0b62aa,703326,L.,Giugno,Agosto,0,2200,,"Erba bacaia",,,
1680,"Ononis pusilla",Specie,"In luoghi aridi e soleggiati del Tr. e del circondario di Bolzano; quasi esclusivam. in Val d'Adige e nelle sue immediate vicinanze.",50852c21c5439cab8a8c4a550ade0319,703339,L.,Giugno,Agosto,0,700,,,,,
1679,"Ononis spinosa",Specie,"C. in pascoli aridi, al margine dei prati, nelle siepi.<br /><br />Specie polimorfa, nella quale si distinguono diverse ssp. Tra queste abbastanza freq. :<br /><em>ssp. legitima</em> Briq. P. spinosa, senza stoloni sotterranei e con rami non radicanti; pilosità scarsa fi. ascellari, per lo più solitari; legume lungo quanto o più del cal. In luoghi aridi e soleggiati;<br /><em>ssp. austriaca</em> Gams. P. del tutto inerme, o raram. con spine ai rami inf. e raram. con stoloni; fi. solitari, formanti spesso lunghi racemi fogliosi; legume più breve del cal. Nei prati umidi;<br /><em>ssp. procurrens</em> (Wallr.). P. con spine deboli o nulle, ma spesso lanosa; stoloni sempre presenti; f. sdraiato o ascendente, molto ramificato; fi. in racemi fogliosi brevi; legume più breve del cal.",63ee72be216e8e1c873740f1ad05602d,642874,L.,Marzo,Novembre,0,1000,,Stancabue,454,,
1678,"Ononis rotundifolia",Specie,"In luoghi rupestri o sassosi, soleggiati, ma anche in boschi radi, prevalentem. su suolo calcareo.<br /><br />Nota, oltre che del Doss Trento e di un punto presso il Poligono di tiro della città, soltanto di diverse stazioni della Val Venosta; P-E.",358db8eda0596c9b713a86b18c734d28,704058,L.,Marzo,Agosto,0,2200,,,,,
1646,"Anthyllis vulneraria",Specie,"(dal gr. anthos = fi. e \'iulos\' = lanugine, per la pubescenza del cai.).<br />P. più spesso perenne, con f. sdraiati o ascendenti, alti fino a 5 dm.; fg. imparipennate (talvolta però in parte semplici) con 1-7 paia di foglioline laterali e la terminale assai più grande; denti del cai. molto più brevi del tubo ch'è rigonfio; cor. per lo più gialla. C. nei prati e nei pascoli asciutti, come pure in luoghi sassosi a terreno calcareo; 2-7; P-E.<br /><br />È specie variabile, sia nelle fg. come nel colore dei fi., che nella porzione sup. della cor. passa dal bianco-giallognolo, all'aranciato e persino al rosso.<br /><br />In montagna non è rara la var. alpestris Kit., piccola, colle fg. basali per lo più semplici e i fi. giallo-pallidi; sul Piz Lat fino a 2600 m. (Bolzon).<br />Per le loro proprietà astringenti le fg. si usarono in passato per curare le ferite e in infusione come depurativo del sangue.<br /><br />È nota finora soltanto dei versanti or. (Susà) e merid. del M. Marzola (a. E. di Trento), del M. Gazza, del Corno di Tres (Gams), e del M. Pavione: A. montana var. jacquinii Beck. P. cespitosa, pelosa, con f. alto 1-3 dm.; fg. con 8 a 20 paia di foglioline. la terminale non più grande delle laterali; denti del c9l. lunghi come il tubo, che non e rigonfio; cor. roseo o porporina (talvolta bianca). In luoghi rocciosi; 3-5; P.",f6683fcfe5333dc386bc101887caed50,47115955,L.,Marzo,Agosto,0,3000,,,467,,
1645,Laburnum,Genere,"(nome usato da Plinio per le 2 specie, di questo gen.)",b4f9c861d89ad7f347708bc038070874,27794,Medic.,,,,,,,,,
1671,"Laburnum alpinum",Specie,"In luoghi boschivi; più diffuso della specie precedente.",1ee180efd7c84dedea87f410bde91747,703959,"Bercht. et Presl.",Marzo,Agosto,700,2200,,,450,"(= Cytisus alpinus Mill.)",
1670,"Laburnum anagyroides",Specie,"Sparso nei boschi di latifoglie del Tr. a occid. dell'Adige e in Vallarsa, nonché coltivato come p. ornamentale; P. velenosa.",98c20945d7efb8655e883ef5e7ff62a7,703960,Medic.,Marzo,Maggio,0,1000,,"Maggiociondolo, Avorniello",449,"(= Cytisus laburnum L.)",
1644,"Sarothamnus scoparius",Specie,"(dal gr. saros = scopa e \'thamnos\' = arbusto).<br /><br />Arbusto alto da noi 1-2 m.; fg. (per gran parte prontam. caduche) con foglioline lunghe 1-2 cm., da obovate a lanceolate, peloso-sericee specialm. di sotto; fi. ascellari, formanti, dopo cadute le fg. apparentem. lunghi racemi; pt. di un giallo intenso; legumi bislunghi, compressi, glabri sulle facce e lungam. pelosi nel contorno. Abbondante in luoghi cespugliosi da Lodrone a Riccomassimo (Valle del Chiese) fin verso i 700 m.",91fa5186644c7da673f898207b50392a,703895,Wim.,Marzo,Maggio,,,,,451,,
1643,"Spartium junceum",Specie,"(dal gr. spartion o sparton, nomi dati dai Greci a diverse p. giunchiformi).<br /><br />Arbusto (in climi più caldi anche alberello) con rami verdi, giunchiformi e poche fg. oblungo-lineari, assai presto caduche; legume lineare, compresso, nero a maturità. Su pendii soleggiati e sassosi nei dintorni di Arco, Riva, Torbole e Nago. Recentem. diffusa a scopo ornamentale in tutta la bassa Valle del Sarca e in Val d'Adige al piano.",e287bdd80d40082fc60d201639889c3c,703629,L.,Marzo,Maggio,,,,Ginestra,,,
1642,"Lupinus polyphyllus",Specie,"(dal lat. lupus = lupo).<br /><br />P. coltivata per ornamento, alta oltre 1 m.; fg. per lo più con 13-15 foglioline lanceolate; fi. in lunga infiorescenza spiriforme, azzurri, porporini o rosei. Originario dell'America nord-occid.<br /><br />In passato si coltivavano nella reg. due specie annue e di origine mediterranea di <em>Lupinus</em> per utilizzarne i semi quale surrogato del caffè. Erano il <em>L. angustlfolius</em> L., con fi. per lo più di un azzurro pallido e foglioline lineari e il <em>L. hirsutus</em> L. con f. densam. irsuti per peli ferruginei; foglioline ovaio-bislunghe e fi. azzurri.<br /><br />Probabilm. ambedue queste colture sono al presente completam. abbandonate.",9c8d5ce4ae37dceebd5dec2d11956576,704005,Lindley.,Marzo,Agosto,,,,,,,
1641,"Sophora japonica",Specie,"(dall'arabo \'Soferà\', nome d'una specie di Cassia).<br /><br />Albero ornamentale somigliante alla Robinia, dalla quale differisce per le fg. a foglioline ovali-lanceolate, acute, oltre che per i fi. Originaria all'Estremo Oriente, dove i bottoni dei fi. e le fg. vengono usati per tingere in giallo le stoffe. Di questa p. sono alberate alcune vie di Trento.",55933fde1ef4b98b216ea29b55210988,50501963,L.,Giugno,Agosto,,,,Sofora,,,
408,"Colutea arborescens",Specie,"(probabilm. dal gr. koilós = cavo, per i fr. vescicosi).<br /><br />Arbusto alto fino a 2 m. (in coltura anche più), con fg. imparipennate, a foglioline obovate; cai. peloso; legume vescicoso, pellucido. Su pendii soleggiati, tra altri cespugli, fin poco oltre i 1000 m. (Trodena) e verso N. fino a Mezzaselva -Fortezza.",28b7ef7393cd00adb3b8a289db03f4f3,703866,L.,Marzo,Agosto,,,,"Vescicaria, Senna falsa",471,,
407,Coronilla,Genere,"(dal lat., corona per la disposizione dei fi. a ombrella).",6d41dbdb94caab2ab381b0ec2e1f61a4,47115990,L.,,,,,,,,,
1748,"Coronilla minima",Specie,"In luoghi caldi,rocciosi, presso il piano; in Val d'Adige a S. di Trento, nei pressi di Castel Toblino; nella bassa Valle del Sarca; tra Creto e Cimego; sul M. Baldo.",ce1ec4c9cb03f19221a9f264723e9789,689289,L.,Marzo,Agosto,,,,,,,
1747,"Coronilla vaginalis",Specie,"Su pascoli sassosi, su pendii rocciosi, sui greti di torrentelli.",56f241f54f96e10385830d3245b7cd1f,703876,Lam.,Marzo,Agosto,0,3000,,,,,
1746,"Coronilla coronata",Specie,"Su pendii erboso-sassosi e tra cespugli.<br /><br />Soltanto nel Tr., specialm. in Val d'Adige e a occid. di questa, nonché nel circondario di Bolzano.",25aadfb1bc2d1ebfd14a163dc48bb1cc,703869,L.,Marzo,Agosto,0,700,,,,,
1745,"Coronilla emerus",Specie,"Freq.  su pendii soleggiati c cespugliosi.",74c7a3ba44c2ff098d60e669900c665b,49126518,L.,Marzo,Maggio,0,700,,"Erba cornetta",480,,
1743,"Coronilla varia",Specie,"C. nei campi, lungo strade rurali, su pendii soleggiati.",f25c45e100b338d92cb5b751da9c5035,703877,L.,Marzo,Agosto,0,1000,,Vecciarini,479,,
382,"Cercis siliquastrum",Specie,"(dal gr. Kerkis, nome di un albero in Aristotele e Plinio).<br /><br />Su pendii sassosi, dall'imbocco della Valle di Ledro, per Arco e il M. Brione fino nei dintorni di Torbole e di Nago (ma indicato pure di Avio) anche in numero {(levante di individui. Specie con prevalente diffusione nel vicino e medio Oriente; in forma di arbusto ove cresce, come nelle località sopra indicate, in condizioni di quasi sicura spontaneità o di già lontana naturalizzazione; come albero alto fino a 8 m., se coltivato come p. ornamentale nei giardini o per alberare viali.",27b3a39da8b4d31d89ffa2bc0ed9717f,703834,L.,Marzo,Maggio,,,,"Albero di Giuda",,,
381,Cytisus,Genere,"(dal gr. kytisos, nome col quale i Greci designavano una specie di Erba medica).",ca3dad8e3e19aa177a36c5addb5e152b,27799,L.,,,,,,,,,
1676,"Cytisus hirsutus",Specie,"In luoghi erbosi e cespugliosi del Tr. e dell'A. A. merid.",61c3226a981f7732e7a61d1a60de1673,703845,L.,Marzo,Agosto,0,2200,,,453,,
1675,"Cytisus argenteus",Specie,"In luoghi aridi, sassosi o rocciosi nella zona dei colli del Tr. merid. (a partire dal parallelo di Trento verso S.).",0a3e7beb7dcbfda00053cf2acd359027,703697,L.,Marzo,Maggio,,,,,,"(= Argyrolobium linnaeanum Walp.)",
1674,"Cytisus sessilifolius",Specie,"In luoghi asciutti, fra i cespugli; nel Tr. specialm. occid. e nel circondario di Bolzano.",ce53b3ba310eb059dc46aaa2001d440b,703766,L.,Marzo,Agosto,0,1000,,,,,
1673,"Cytisus nigricans",Specie,"Su pendii aridi, fra i cespugli.",b28d6a4a3859a88ef2e1b7373b9da89c,52203593,L.,Marzo,Agosto,0,1000,,,452,,
1672,"Cytisus purpureus",Specie,"In luoghi cespugliosi, nel Tr. e nell'A.A. merid.",235a8abbb90d7e5ce599d5e8c13d1602,703855,Scop.,Marzo,Maggio,0,2200,,,,,
378,"Robinia pseudoacacia",Specie,"(dedicata a Jean Robin, giardiniere di Enrico IV e Luigi XIII di Francia).<br /><br />Albero che può raggiungere i 25 m. d'altezza, con fg. imparipennate, a foglioline ellittiche, stipole in gran parte delle fg. degli individui giovani trasformate in spine; fi. bianchi o rosei in racemi penduli. Legumi lunghi 5-10 cm., compressi, glabri. Coltivata e con riproduzione spontanea, benché non originaria della reg., fin oltre i 1000 m..<br />Proveniente dall'America sett., si è perfettam. naturalizzata in Europa, dove fu introdotta nel sec. XVII. Per la sua attitudine a crescere anche in luoghi, dove a stento vegetano altre p. arborescenti, si è diffusa ovunque ed è stata ben presto utilizzata per rassodare il terreno in luoghi franosi, sulle spiagge del mare, lungo argini e terrapieni di linee ferroviarie e per l'imboschimento di tratti di suolo sterile e non altrimenti utilizzabili.<br />Il legno della Robinia è un buon materiale da costruzione e pure per lavori da tornitore e carrozziere: fornisce una sostanza colorante gialla ed è un ottimo combustibile. Le foglioline della Robinia presentano assai spiccato il fenomeno che fu detto \'sonno delle p.\' e che si osserva anche in altre Leguminose (Fagiolo. Trifoglio, ecc.). Esse pendono quasi verticali durante la notte, si dispongono quasi orizzontalm. nelle prime ore di sole e si rizzano sul meriggio le une contro le altre fin quasi a toccarsi colla pagina sup., per ripetere poi il movimento in senso inverso nel corso della sera. Il fenomeno è dovuto, almeno in parte, all'azione della luce, che determina differenze dì turgore tra la faccia sup. e l'inf. della base dei piccioletti.<br />Si distinguono diverse forme della Robinia, una delle quali è la var. monophylla a fg. semplici, coltivata nei parchi, e un'altra detta var. umbraculifera, senza spine, usata per alberare viali.<br /><br /><em>R. hispida</em> L. è una specie arbustiva ornamentale, coltivata. Essa ha fi. rosei, grandi, odorosi, rami giovani e ramificazioni dell'infiorescenza densam. setoloso-glandolosi. Originaria dell'America sett.; P.",cda8ca27a18bbb61281fef7df222c1bf,704089,L.,Marzo,Maggio,,,,Robinia,,,
364,Genista,Genere,"(forse dal celtico \'gen\' = piccolo cespuglio; nome di oscura origine).",4ceb74e640d30388ce8b7b4ffeb7a404,13440,,,,,,,,,,
1668,"Genista tinctoria",Specie,"In stazioni analoghe a quelle della specie precedente.<br /><br />È pure priva di spine: <em>G. sericea</em> Wulf. finora nota soltanto della parte, sup. della Vallarsa. È p. ramosissima, argentino-sericea, non più alta di 2 dm., con fg. lanceolato-lineari; fi. in racemi di 2-5; vessillo e carena pelosi; legume fittam. peloso; 3-4; P.",849a83ff389dd0dcd1ec9223c5ae6cf7,643982,L.,Marzo,Agosto,0,2200,,"Baccellina, Ginestrella",,,
1667,"Genista germanica",Specie,"Nei boschi radi e asciutti, su pascoli magri.",a87e61056a4f47fe55f9f684df245bcf,703920,L.,Marzo,Agosto,0,2200,,Scardicci,448,,
1666,"Genista radiata",Specie,"In luoghi aridi e soleggiati, su terreno calcareo nel Tr. e nel circondario di Bolzano. Sul M. Gazza fino a 2000 m. (Gams).",77600007ca2f5b8677fd21c7425a36e9,47116007,Scop.,Giugno,Agosto,0,2200,,,447,,
